{
  "height": 37,
  "width": 116,
  "x": 22.791044235229492,
  "y": 1337.5074462890625
}